acc : 93.53184449958644 epoch :  0
acc : 94.0612076095947 epoch :  0
